#          Input file generated by MATLAB Version:  7.8.0.347 (R2009a)
#          10-Nov-2009 17:32:12
INPUT:	Elliptic_.neu;
PMAX:	3;
SCALE:	5;
BODYNUM:	1;
ATTITUDES:	[0 0 0 ][4.71239 0 3.14159 ][4.18879 0 3.14159 ];
CGBODIES:	[0 0 0 ][0 0 0 ][0 0 0 ];
RATEBODIES:	[0 0 0 ][7.5 0 0 ][7.5 0 0 ];
VELBODIES:	[-10 0 -2 ][-10 0 0 ][-10 0 0 ];
NAME:	Elliptic_;
