#          Input file generated by MATLAB Version:  7.8.0.347 (R2009a)
#          13-Nov-2009 21:24:58
INPUT:	Ellipse_.neu;
PMAX:	3;
SCALE:	1;
BODYNUM:	1;
ATTITUDES:	[0 0 0 ][4.71239 0 3.14159 ][4.18879 0 3.14159 ];
CGBODIES:	[0 0 0 ][0 0 0 ][0 0 0 ];
RATEBODIES:	[0 0 0 ][7.5 0 0 ][7.5 0 0 ];
VELBODIES:	[10 0 -2 ][-10 0 0 ][-10 0 0 ];
NAME:	Ellipse_;
