#          Input file generated by MATLAB Version:  7.8.0.347 (R2009a)
#          15-Nov-2009 18:08:19
INPUT:	Elliptic_.neu;
PMAX:	3;
SCALE:	1;
BODYNUM:	1;
ATTITUDES:	[0 0 0 ][4.71239 0 3.14159 ][4.18879 0 3.14159 ];
CGBODIES:	[0 0 0 ][0 0 0 ][0 0 0 ];
RATEBODIES:	[0 0 0 ][7.5 0 0 ][7.5 0 0 ];
VELBODIES:	[0 0 0 ][-10 0 0 ][-10 0 0 ];
NAME:	Elliptic_;
